Wasa2432hifdz5533
1|0|3|7|8|u|0|_|a|3|7|8
1|0|1|1|1|u|0|_|a|1|1|1
1|0|1|9|4|u|0|_|a|1|9|4
1|0|2|3|6|u|0|_|a|2|3|6
1|0|0|3|4|u|0|_|a|3|4
1|0|5|7|4|u|0|_|a|5|7|4|
: 1|0|1|4|3|u|0|_|a|1|4|3
1|0|1|5|2|u|0|_|a|1|5|2
1|0|4|1|0|u|0|_|a|4|1|0
1|2|1|8|8|u|0|_|a|2|1|8|8
1|0|3|1|1|u|0|_|a|3|1|1
1|0|3|1|1|u|0|_|a|3|1|1
1|0|2|3|0|u|0|_|a|2|3|0
1 | 0 | 0 | 6 | 1 | u | 0 | _ | a | 6 | 1
1|0|1|3|2|u|0|_|a|1|3|2
1|0|2|7|0|u|0|_|a|2|7|0
1|0|2|2|0|u|0|_|a|2|2|0
1|0|2|8|3|u|0|_|a|2|8|3
1|0|5|2|6|u|0|_|a|5|2|6
1|0|1|9|5|u|0|_|a|1|9|5
1|0|1|6|0|u|0|_|a|1|6|0
1|0|2|1|6|u|0|_|a|2|1|6
1|0|2|1|9|u|0|_|a|2|1|9
1|0|3|0|3|u|0|_|a|3|0|3
1|0|0|9|4|u|0|_|a|9|4
1|0|1|4|9|u|0|_|a|1|4|9
1|0|3|7|9|u|0|_|a|3|7|9
1|0|2|1|3|u|0|_|a|2|1|3
1|0|3|8|4|u|0|_|a|3|8|4
1|0|3|8|5|u|0|_|a|3|8|5
1|0|2|9|2|u|0|_|a|2|9|2
1|0|3|8|7|u|0|_|a|3|8|7
1|0|1|8|3|u|0|_|a|1|8|3
1|0|6|1|0|u|0|_|a|6|1|0
1|0|2|5|0|u|0|_|a|2|5|0
1|0|2|9|9|u|0|_|a|2|9|9
1|0|3|5|1|u|0|_|a|3|5|1
1|0|2|5|5|u|0|_|a|2|5|5
1|0|2|9|5|u|0|_|a|2|9|5
